1
11429 11428 11427 11426 11425 11424 11423 11422 11421 11420 11419 11418 11417 11416 11415 11414 11413 11412 11411 11410 11409 11408 11407 11406 11405 11404 11403 11402 11401 11400 11399 11398 11397 11396 11395 11394 11393 11392 11391 11390 11389 11388 11387 11386 11385 11384 11383 11382 11381 11380 11379 11378 11377 11376 11375 11374 11373 11372 11371 11370 11369 11368 11367 11366 11365 11364 11363 11362 11361 11360 11359 11358 11357 11356 11355 11354 11353 11352 11351 11350 11349 11348 11347 11346 11345 11344 11343 11342 11341 11340 11339 11338 11337 11336 11335 11334 11333 11332 11331 / 
2
6229 7998 1248 7113 987 8891 2729 10789 5630 2284 5012 265 3489 4547 2218 4846 6958 6870 9130 4747 10208 3605 5775 7028 9628 10731 160 4165 3960 2326 5662 7803 786 10238 3329 1830 1641 5486 8868 5124 261 1239 2564 3781 4341 9688 2252 5041 3500 2674 6883 8989 10358 4832 2445 1374 10452 3535 4675 7082 3665 2556 5639 2692 8563 1336 6727 8833 7400 1780 3221 5179 2800 1605 3379 9331 6990 414 3851 3549 1364 8253 9177 592 10929 6819 4254 3434 201 10272 10943 3747 10632 7265 8659 3037 4717 50 4422 / 
3
11038 4079 267 5250 10039 7086 9550 6888 3397 5981 5045 5984 5856 9418 5358 9180 1337 8238 7900 2458 3970 2173 4811 1475 7571 6348 8563 9552 5873 5662 9183 8672 4321 8830 10486 4526 5979 7693 6974 6536 8448 8306 8463 666 5629 4725 3503 7572 7898 9087 3272 11312 5982 9698 7989 10755 5980 9768 10339 939 395 7973 1856 5976 1319 2312 1955 4205 1947 937 5561 5563 7179 5650 1157 3601 7304 6795 1612 4600 5478 4078 9419 943 9949 4438 11314 525 8567 5249 1852 10756 4058 654 9289 4437 6994 421 1854 / 
4
4 8638 2357 8601 3797 7861 3699 5523 2675 412 8178 9008 276 8930 7844 4814 193 7929 5195 408 6145 2005 7316 509 4171 3249 7731 8938 5692 999 8594 5034 8156 3656 3581 8915 5209 5522 4787 6317 6205 1661 1390 9759 5135 4029 5819 4146 1592 7787 8708 5688 3601 8505 1845 1692 2028 10141 4386 10254 9612 4115 8289 6742 3643 1876 4997 7641 9997 1015 4526 6827 10614 7563 10496 4827 8409 3233 10285 4589 2621 5455 5732 497 5627 3144 6744 471 8420 3347 6911 7449 9069 3320 9405 4988 4069 1835 3717 / 
5
1875 2682 2193 276 3729 3252 5443 267 2933 4202 2792 2462 8952 2173 4918 8429 3559 5629 2418 5737 4811 5140 2929 10878 9168 404 9925 8817 5158 3486 412 2794 7984 9772 3601 3718 4321 6948 5736 11318 635 8306 5344 3374 4422 1865 3039 4738 10183 11317 8466 7989 2127 8531 3139 10636 11429 9768 10881 2675 5844 1197 9063 4709 1457 4744 1831 4600 4055 4058 4306 513 8093 774 6613 4066 8520 10651 642 5022 263 9400 6516 4526 8586 3857 4186 10614 10875 7918 3040 8023 3948 3947 4309 6675 7982 2700 9690 / 
6
5440 10496 2682 8534 3380 2936 4029 10051 7267 1835 4807 6997 4830 4305 4819 8505 4306 8431 1692 3956 8531 4522 5739 9597 2934 3520 8289 6742 5138 3484 3035 4256 4997 7641 8930 8643 8134 10357 7563 6917 6819 10162 8409 10285 9188 90 6744 4019 5437 5681 4 5015 4988 8527 8421 5435 7403 5263 2422 4722 2858 3379 1864 8740 872 3953 3424 3251 9770 9170 6768 8217 11261 7328 5632 5692 10490 6351 6238 8840 11321 10979 5021 2546 5835 9 6598 2673 4829 5908 199 1044 10655 8161 8629 10050 8511 625 7355 / 
7
9977 2096 10109 553 10648 10071 2724 6184 5292 2725 6569 6017 450 451 3210 9448 4859 6731 2231 8556 3897 8863 7130 6187 5379 6386 5780 8596 6190 9726 4470 829 10987 5294 3666 8560 5903 1354 9724 3090 7602 4758 9449 11213 5295 8267 6831 8047 6189 8562 1643 7837 8017 1764 7603 5192 8378 6925 2904 4561 9979 10795 10858 696 8594 7410 4476 8157 6042 6188 9980 3211 6568 4759 1510 4691 4625 1210 10951 5683 11084 3318 6288 11344 59 9204 4473 7836 11081 10225 9725 5507 7601 6566 6474 8052 2731 3996 1361 / 
8
3774 11350 1998 987 191 4117 10912 5083 7507 5592 11108 3316 1358 8751 3598 9832 10788 5068 55 11130 8849 6300 10790 7937 11234 978 2474 3078 2100 1480 1644 1002 7973 8047 10382 11217 672 10228 8617 7935 9353 6112 9721 8565 1364 7888 4028 9104 10934 7753 10258 10652 1764 2916 10235 1279 5898 8703 7016 2800 1794 7931 10651 1336 9329 10793 5202 9456 3775 9993 9455 195 8987 2381 6018 986 5151 698 4971 3088 1497 8475 9071 3339 10234 11359 9294 464 8369 1233 694 7440 9202 2153 8377 9103 8050 4274 7416 / 
9
7014 4754 3089 5071 5901 1759 5300 4972 6381 7933 6196 8370 550 698 7931 3435 4641 57 6727 70 629 7601 55 3211 6192 5288 5871 499 6613 5068 5074 8045 8599 5189 7558 9349 10382 9975 7205 5683 6377 554 1336 8584 6185 3889 5898 8378 6367 4257 6111 3789 7114 6688 5900 693 9719 2988 5505 8040 8582 9325 5377 10929 10910 10622 8579 6961 8277 6473 8261 5280 828 7600 187 193 6003 4259 1643 195 2476 696 8990 9885 4558 7124 3316 4009 9973 6009 8987 4863 6952 10788 4753 4559 2597 4006 11102 / 
10
9530 10617 4329 10035 3935 9448 933 8213 3053 2460 1934 5184 631 5769 10177 3384 4091 10204 3264 8976 1621 7393 5957 5575 7089 9770 9171 5842 261 5855 3386 3938 3839 6966 1886 6965 3949 2825 4839 1304 2328 7123 1825 7394 8011 5743 667 10201 6888 7700 4763 4611 5586 7461 802 9280 1848 11183 699 3168 7375 10053 11033 1617 11256 2669 5152 6705 10731 1893 1745 9945 3393 407 10431 6813 6075 5448 10167 9086 10467 2058 4338 5346 7466 10733 1314 8572 6557 5857 6703 6447 8844 5057 6575 6069 9273 1473 10335 / 
11
4925 7657 7654 8219 7656 4139 1350 8343 4912 7793 7655 8106 5024 7602 7818 4324 9777 2048 74 9826 8158 10068 8000 10613 8207 9082 4562 5453 1925 2945 5670 1489 4703 172 465 8634 8843 7331 10348 2593 2257 4062 4106 7795 2619 1334 7871 10864 3613 9119 1338 3787 1875 4929 770 3473 6860 8141 7738 7710 6327 9411 10664 1857 8347 7230 8720 7446 2350 6142 3557 6686 1481 10358 4384 6280 11137 5010 5257 5366 4604 4244 9802 492 7681 4254 4343 8968 5219 8335 4327 7025 4382 9546 3071 33 10405 6532 7219 / 
12
1074 659 162 4733 350 2205 8336 8095 133 426 5160 2203 8132 6880 1657 4957 4593 7892 11318 5758 3072 10501 10253 6043 6960 657 3033 8467 5953 2821 1064 8129 2070 7813 3858 5672 532 9809 5257 8320 5350 1960 5567 1635 3159 6169 8802 5364 10757 658 8542 5575 7604 8829 6451 7901 726 7937 2075 3615 11338 1327 7100 5722 8015 5345 1585 3157 11317 10170 7495 1008 7935 7684 6086 427 7110 2477 682 4453 2960 6982 7361 6968 11164 8051 3150 1073 9300 10413 135 3239 7580 5881 801 9990 4619 1753 2337 / 
13
5873 3631 2458 3398 4454 4079 8464 8346 10039 11053 9552 5250 7693 1612 11312 8448 7573 5276 5981 5984 2312 10765 5269 9550 8563 7179 2210 3401 6548 5989 9183 1475 10749 4342 10487 9793 1488 4703 666 5983 7900 5492 7742 4094 5982 10634 9180 5856 6870 8845 8955 10192 11037 3632 8024 1852 7282 11038 7572 9698 1190 5045 1337 3397 10636 9434 5663 10628 10208 2798 802 5149 2979 4747 9087 10198 3970 7658 2578 1732 6549 2805 11311 4332 2197 10899 7998 7666 6974 2085 257 10756 3272 6536 7575 1319 1315 5651 1468 / 
14
6260 3851 5749 11038 4077 5866 8203 1065 4626 5536 7973 8463 2545 6623 2811 11314 10042 5561 10626 7083 8124 6888 8503 5662 11164 8820 4832 2311 5650 3150 8830 3617 5478 11136 1337 5979 1384 147 6786 8238 8380 7571 10755 6759 1356 7567 7570 4493 7340 5619 7558 5476 5358 5982 406 2307 6350 5249 10336 9916 1167 9868 3503 3397 9416 9947 5974 7697 7891 7278 11059 8107 5856 3866 5269 4951 10339 3747 9951 7543 4205 421 7304 5479 9418 1948 1947 10753 6332 7341 1072 9794 2044 1333 3530 3510 3974 7245 9931 / 
15
3388 1848 260 10886 4815 3734 3255 273 6958 6870 6988 5152 9542 6763 3733 9853 2064 1472 1869 6118 664 6771 10025 4346 417 8025 1356 8245 5412 1128 8326 10743 1828 10752 3148 3392 4616 5673 2097 5836 3065 2438 162 7573 9851 10149 9284 5480 4177 3389 9879 4413 8968 3955 8075 9945 585 4074 11007 8665 8120 6673 9886 10626 7668 8848 1489 7279 2562 4082 6973 10205 4331 8577 1739 9943 6863 7765 2676 32 5749 10766 1829 2331 5271 4741 1293 7077 2440 4224 4621 6618 7667 9923 6020 4527 3246 1641 11189 / 
16
9175 6098 1478 5448 6870 3158 11208 5781 1848 2335 6688 2185 10028 6269 955 7668 2198 273 2934 7371 664 634 7394 9859 10643 8875 6244 1841 11186 7686 3962 4928 1128 7888 9086 11313 3608 5575 5644 7908 6531 3066 2942 585 11007 7581 957 6965 8848 1230 5259 5754 6611 4590 4207 5360 10335 6635 6982 2782 9955 6677 8577 4730 9966 11310 927 3228 1719 8347 9442 10189 6353 1293 3735 6973 7092 5857 10880 8536 7461 9280 6020 2366 9877 3506 3168 7754 2817 3487 10780 7580 1617 6549 1060 8329 4540 8000 10319 / 
17
10981 10288 9486 347 11128 1222 10979 93 2187 585 1433 9047 4151 2161 708 94 11286 10836 2530 2778 10983 11130 10303 4007 496 9849 1671 7971 10655 5310 2870 1122 9027 10556 10304 10449 9741 1997 629 10864 9658 457 3115 11266 4698 8904 4035 1521 9847 10280 4380 3696 9619 4175 2895 9365 1152 11381 2398 3470 2747 3702 5793 1279 6212 739 8756 1406 1254 8785 9145 8783 10835 6855 8706 9617 4011 9481 7519 2108 10980 9390 10593 5228 2269 6945 8721 343 8488 4400 5949 2416 10439 328 1434 2112 4032 5400 589 / 
18
6212 739 2870 1122 7426 7617 9741 93 6593 10979 9619 2122 2747 4508 1406 1254 9486 4394 345 5419 7519 9849 1921 2140 2131 8904 8741 113 7971 11270 2895 5806 1901 5400 617 4685 589 1551 10105 4903 7850 7637 2633 2397 4987 10851 11139 9377 1800 104 878 2505 2778 2120 4499 4345 4246 10686 8513 8285 3236 10107 10393 854 1040 8080 7636 1580 2112 11056 9455 3115 585 1421 7045 11282 11391 8913 352 10451 2389 4555 5215 9240 1439 8912 8757 4086 11408 2914 125 10288 3446 2416 10966 2846 5715 1673 346 / 
19
2870 1122 10693 8757 9619 8606 2747 1406 2999 1004 1407 10821 9486 2260 5575 2397 7615 1653 7519 9849 954 9053 7971 2895 3731 5400 589 10105 10851 350 11139 10079 9377 4508 2996 1800 981 5767 2778 4499 10686 8285 2325 3781 10107 7617 7461 5934 6367 854 5916 6212 2112 9028 9455 3115 1670 4948 10559 1908 9465 8912 7791 4394 5872 10979 90 1673 5096 10587 6593 1910 9100 3551 9521 9741 8653 1276 5922 9055 2994 7040 168 1013 4032 2505 9136 5188 793 11051 5101 2633 6931 9597 4410 4033 3862 850 792 / 
20
7426 9060 1551 4797 6491 1141 4231 4563 10438 9228 3771 11150 7028 2235 608 1996 6228 6305 375 547 6135 11417 4555 7937 747 4386 6943 2029 883 10831 7445 10448 11147 4160 7442 1269 8702 7448 64 602 2095 5310 735 1017 2902 7733 5774 2844 219 3769 5375 5944 10594 6599 2891 273 2139 1578 5316 10300 10992 10721 4233 5315 7856 603 4762 3901 2032 6755 2769 1803 3490 2018 6126 8081 5860 10910 8626 3772 3614 8330 8177 6725 10990 7443 452 4362 911 5058 4796 7958 3489 9909 2506 6400 298 1550 1884 / 
21
733 1907 7864 874 4152 10265 10541 10871 10715 478 2118 905 5927 5412 3706 80 3116 2502 1813 3799 10577 8740 8910 8178 5946 1404 323 7610 1375 1260 10130 8898 10590 3018 997 76 2900 890 79 3352 77 9740 4508 11236 9388 10714 9049 8742 2521 6306 1147 5601 9237 11248 9620 6206 10538 3556 3918 1127 1542 5926 3239 9478 10717 2109 5310 8769 1120 2014 10600 2894 9274 5326 7028 10962 11017 9753 2631 8731 1274 7151 4050 11002 2751 6302 11153 6843 8738 10713 9619 10410 9018 1906 8737 2153 10716 11264 8068 / 
22
9060 1551 7620 7232 7046 6747 4786 1141 6126 10562 10438 608 9597 11150 7028 2032 483 375 11417 8083 6400 7538 10988 7426 6221 747 6943 883 4885 10448 11147 4160 1269 94 7423 91 5310 11269 2150 1017 2902 8757 8211 219 7612 7787 3446 7524 5944 10594 6599 2891 7521 11395 9025 2139 8765 1578 5316 10300 10992 10721 5315 7856 603 4797 8294 2769 1803 1397 11251 2018 7420 10427 8081 10106 6027 752 11394 10578 8626 5325 10554 1867 4413 2820 5614 10281 9207 10990 10587 8741 911 601 6408 9909 7854 3047 1550 / 
23
4737 81 5605 8565 5601 8453 1664 4501 5703 4784 5171 556 4988 9745 206 8280 1393 6310 4404 10414 9612 4167 3549 3807 6106 5927 6312 4846 4263 5089 4694 3915 6659 804 4984 11378 3019 9617 10963 8523 4882 5684 5928 10820 6203 3329 4923 10546 9688 8896 3004 10671 3438 9791 6806 5410 1903 1949 4675 2269 1904 2556 9990 3295 10018 1336 6313 6843 3221 2800 3851 11371 1787 3605 10412 9904 4640 4295 8279 1386 8191 1391 5702 8608 6025 1541 6485 3434 1788 9994 6140 5414 9588 6043 4717 4777 9616 9267 7946 / 
24
9135 11374 10256 2640 1235 8280 4784 6304 6663 9737 1391 10412 1904 10537 2514 4799 3915 3801 4984 9357 5927 5397 252 2026 10410 9638 9735 251 8758 1790 3438 1808 9473 600 11378 6308 5684 11138 2742 5313 3227 10257 7847 3448 3105 8279 2621 3347 10961 2652 9612 5091 4777 3111 375 5703 7609 10963 10962 1444 81 1270 2262 5802 4027 998 2010 10535 1393 1700 3706 11126 3342 3800 7430 11011 8409 1017 4036 6945 4278 5092 1403 5519 9617 999 2108 2110 2398 4882 4265 8068 3004 5798 3336 5599 4023 3561 473 / 
25
1433 9047 629 3351 4698 4175 10981 2187 347 6855 2108 1222 4007 5793 5310 708 2368 5420 2632 4126 9027 4151 208 11128 9218 10864 1516 4400 6398 10059 201 2016 9365 8078 3470 4014 3111 9903 2369 1279 1773 9486 2450 2530 1663 2628 9732 9896 11217 10556 7613 7748 9849 6842 2486 1111 4028 5228 6945 10280 9894 11381 5949 4249 1997 11130 1434 457 3687 5305 4869 5079 1790 4015 463 8740 1128 8055 7217 10835 9460 4380 9989 11108 8719 6229 10238 496 88 4989 10927 9223 5800 5227 5713 8045 8179 9481 10655 / 
26
6842 5800 2016 2632 11108 3111 5907 191 208 6398 7226 7613 8078 1663 8179 1295 3351 3572 2528 2524 9135 1790 7437 88 986 8034 5713 8045 8741 890 5407 619 6305 8770 2628 2033 2269 9568 4643 11397 5716 907 7159 7967 80 1405 6849 328 10413 8043 2521 10959 5006 5325 905 11004 7457 3795 614 9047 4857 3917 4783 6303 5939 7013 10092 7526 3919 329 9502 238 7969 5812 8173 11147 9907 9380 10265 2896 2117 1274 1650 834 4582 692 610 10109 5936 6952 4881 10094 5322 2234 9635 9041 4270 11409 10958 / 
27
9160 8517 124 6037 6004 7868 4293 1154 8790 7774 4052 9848 3553 6855 8516 10947 4244 3930 7025 8519 5404 5007 10456 4908 7205 1822 6264 3825 692 58 914 7867 1441 1285 1932 2245 8263 8588 1241 5948 6136 5817 7155 1519 4753 7930 3829 10417 9847 9754 9541 10665 7381 10598 2012 10146 3891 7904 10415 4234 3097 8592 4264 207 7125 5947 319 2780 7715 8789 1555 3132 9268 4781 6022 2231 7261 5818 5071 3830 8393 2597 581 7239 622 1703 8587 56 3317 2226 5587 8416 7738 8415 8613 4023 1541 7932 6038 / 
28
4434 8252 6906 7483 4720 1635 8230 11225 8658 8441 6893 4852 3616 6163 8824 13 8054 8539 5471 4430 2995 7113 9935 1064 9701 8825 2256 8388 9413 7482 694 4127 8887 10295 5664 5196 11386 6002 8945 1493 11181 5969 4719 4348 3967 3742 9792 4439 3061 3318 4116 7492 1366 11388 7022 2107 3981 558 3848 8037 5383 10936 4255 10923 11087 3121 11341 8470 3946 6258 5390 4014 8048 1753 4433 8823 3302 7806 107 9437 11351 8699 8442 4253 9422 2215 7805 7011 1881 8363 6162 3306 5039 4775 9177 5472 10271 9849 2370 / 
29
3004 9133 11124 9998 7036 6018 1354 9023 2513 5394 4271 2114 6935 746 11254 98 10273 1134 487 10007 1805 5123 9739 867 9840 1667 10283 2644 5575 2717 747 6934 10286 5797 2393 1554 10685 5095 3471 4876 5593 10275 4155 1017 9250 9394 5801 219 488 3914 10561 5614 9207 10699 884 7461 8919 9839 2889 4494 1683 1560 10036 7984 870 10302 4580 9100 5707 5404 1254 7836 9597 4435 5776 11363 2396 10733 6310 2765 10562 8616 11306 3971 8448 6296 10272 8627 11269 8762 9659 6657 7241 3706 3342 2512 9020 5819 1116 / 
30
5091 3822 3239 5310 9753 10864 2765 5614 3935 1284 4371 4999 3823 4876 1435 2108 4698 1526 3799 7241 9111 10273 7036 7628 1149 4799 10861 10788 9912 8932 11269 7516 2351 1779 3661 6035 7146 3470 10993 7604 6327 7515 10851 3464 2412 10819 1433 8766 8991 11403 8606 10290 9047 3696 7229 4982 9449 10299 8707 8710 2841 2513 10987 9049 5228 10852 2411 10246 3547 2734 9207 10860 1007 8886 10794 1671 10704 1560 9903 1415 1997 6852 9464 488 11420 117 10412 6330 4385 4268 4859 5412 9661 4664 2524 5404 323 9977 4747 / 
31
8393 3104 8615 1118 3239 9011 10537 2358 2110 4491 207 4875 10959 10095 1246 1390 1389 10956 9849 4492 4135 836 1255 1245 3935 2359 4999 5092 5307 3470 2742 5310 404 4154 482 8895 325 9753 7935 5802 2108 3343 10412 5228 3675 10260 10818 7604 9512 10864 10415 2508 4978 8932 1905 9632 1372 4023 4265 10410 6403 3553 4781 6022 8520 5530 8613 8596 8502 11057 2002 455 1616 1791 3117 1247 2266 2143 3696 1232 5204 2852 1231 10684 9541 7975 8154 7419 3822 4511 3352 4121 9365 9012 8614 10683 3823 11372 2231 / 
32
9160 10456 1822 914 8517 3930 6037 6004 7868 8790 1446 4293 8516 1154 128 4052 9848 3553 9057 6855 500 124 10947 10726 1932 4297 1703 10592 4908 7205 6264 10873 3825 692 769 58 8795 2162 3069 7867 1441 1449 1285 1579 1665 2825 5535 8263 8588 10593 7862 5948 6136 5817 11018 7155 1519 4753 9056 4031 7930 3829 9847 9754 8519 11283 253 7932 10148 10147 6404 578 3891 589 601 4234 9368 3466 7125 5947 319 8416 3893 8789 1442 10723 10595 9268 3160 4059 5818 5071 3830 2597 2164 5007 8266 8587 56 / 
33
6134 3470 11262 7053 6331 9218 8923 1930 3239 9849 11408 9638 8184 3093 4014 7448 1569 1694 9050 3935 5099 7021 10400 4999 4249 8929 11128 5310 3238 9753 7470 7959 4215 10412 7052 5189 2409 124 2108 5228 7151 5405 10830 1559 2909 10265 8851 11284 10864 1926 8730 7230 10010 5935 10134 5700 9114 234 11160 5607 7148 2514 771 2648 2158 9502 2827 6602 1906 3133 9150 337 6680 9501 5323 7437 8740 113 6553 179 2605 10997 725 10284 889 1639 195 1021 4147 9254 1020 4391 493 10240 10206 10125 7439 126 11346 / 
34
11263 2413 2729 1414 10562 9912 9830 1080 5311 1421 9454 10572 9192 1415 5415 706 109 2368 4274 5614 2279 9207 10592 619 2092 4665 1214 5499 10561 7855 10652 8884 114 7635 10792 5331 5302 4895 3319 5220 10593 9388 10586 1358 7440 10124 5326 8777 601 5612 7241 5508 5322 10588 6852 1138 2870 8627 892 10216 5268 381 11264 8174 318 228 3568 10582 6407 7146 2363 9873 7321 1207 362 4796 1761 8932 9205 11019 9310 5606 3846 10086 9520 379 242 5186 1566 492 6035 9006 241 1437 10301 894 363 1928 1044 / 
35
8733 225 579 10999 4509 369 11416 5806 3922 3932 5209 7336 3586 1556 4510 1557 1429 10120 3703 7977 4506 1558 2144 2032 6321 8936 10297 10710 10847 5115 9043 372 739 10582 370 1928 2403 10709 5937 3827 6844 11149 2864 5311 2277 1791 4287 6592 11411 1571 7862 4292 4504 2377 7059 6846 5324 10572 6853 10996 2535 8931 5415 11412 492 10578 3235 9387 1921 8510 9150 5718 8768 2531 6326 373 4497 2271 7614 3124 9628 7056 581 8513 1117 11406 10413 4409 8737 1404 2396 1917 381 1926 4985 2918 3447 5331 8068 / 
36
9060 5737 2933 5140 1551 3718 1141 3139 375 9768 9925 10438 774 11150 7984 3601 6516 635 1457 7028 608 267 5022 263 11417 9772 7426 5832 3040 3947 4309 747 10007 6943 883 2700 2792 10448 1157 11147 3038 4160 140 1269 1592 2173 8429 5310 3043 9400 4885 5629 1017 2902 5017 4811 219 3948 2522 5944 404 10594 6599 2891 8246 2139 10281 1578 5835 5316 3252 1713 10300 10992 2465 10721 5315 7856 603 4797 4321 5449 5103 2032 2769 1803 5820 9405 2018 6126 8306 4355 8081 5344 3717 8529 4422 8173 8626 / 
37
2256 4025 10973 86 10974 9745 492 10413 6327 336 10114 8909 1930 6330 2652 3798 7928 10271 4024 1124 10443 1693 9484 6487 2114 10805 2741 4982 11011 4386 4265 1252 8784 4174 487 381 9616 2024 3799 77 9221 3358 10947 4000 622 3121 730 3226 2389 11158 9488 1251 7223 11383 1129 2122 2759 10999 6136 11007 5118 1366 7602 2622 2273 1382 8088 6496 1688 11106 619 1698 10991 9034 4285 4405 11108 3225 10669 11341 6999 5072 1009 4014 2772 5611 8068 7125 5115 1896 4253 10836 7011 6732 9150 10261 1881 6212 3306 / 
38
9623 332 1248 10828 4044 476 10103 9624 5927 867 1801 2648 10826 581 11280 10821 2631 10269 10100 8733 8736 9619 8738 2776 11236 1154 906 10969 4786 11240 5097 11117 2747 4139 213 475 603 9152 2741 11238 11121 866 9361 749 5094 2744 5917 3193 598 10112 8739 9478 331 10098 4579 2520 477 8934 214 7461 10823 5876 9245 9482 8903 4273 9839 10566 333 880 2583 1901 479 1812 9638 1401 4159 8619 1003 3439 2502 7230 5098 1799 7891 6122 8740 6680 11017 11116 1555 11248 10130 2111 5176 1793 9519 580 2864 / 
39
9054 5876 2157 2155 11011 909 8417 10870 9753 7891 5207 7065 9918 5063 1930 9519 9655 6832 9758 5927 9839 6398 1135 8938 4055 2906 125 106 5106 589 3467 2741 7511 10992 4904 1170 6305 4358 1271 3226 4009 1701 3572 10598 8295 10733 3086 6929 1289 11423 5004 10707 9308 1148 4367 126 4586 5501 8473 9069 7351 3704 10989 10669 250 7205 2232 6856 10079 5600 249 2106 4093 11246 248 9840 894 1260 2921 108 7644 10721 7172 6037 6004 10143 11172 9983 2351 7972 1755 1587 94 3826 2193 6502 4910 4458 8994 / 
40
11121 863 205 733 8742 9018 1542 10265 8738 8737 2254 1812 5927 10112 2648 475 6662 579 9624 3802 11240 1282 1783 2741 477 10972 9483 10566 1120 4275 10565 330 10826 8901 9482 8397 2744 10730 5876 9361 9622 2392 2776 10969 9363 11058 7038 4874 8736 581 1385 476 580 3456 7891 11202 5083 4873 1274 3443 10099 3434 3897 9519 3698 9623 1901 11238 10825 9002 6396 3916 6832 11382 2745 6858 10678 6252 1073 692 2378 7218 3583 15 9839 10127 6398 1281 8641 357 327 4055 5399 10551 9477 7125 3549 6855 9362 / 
41
3037 2428 3329 3942 9069 395 8816 11234 1535 6291 7787 1087 516 4254 7753 5628 2800 4308 5733 9993 4709 3261 4526 710 11203 9983 9930 1586 9071 9605 10614 9294 5130 5457 8298 222 4827 9078 5455 5732 7539 5627 3144 8420 5132 4372 10618 9604 3489 2236 7136 5244 8501 265 9405 4069 4737 3717 2675 5340 4221 4134 149 10632 9306 2 3710 1330 9932 2303 3373 5955 5135 4812 5734 3479 3783 5543 969 3145 3039 2182 1683 10160 6652 2674 4872 3839 1897 6049 10921 10745 6234 6344 1846 4188 4222 9077 5129 / 
42
5444 6424 5955 1994 1472 6514 5686 5841 8422 1100 6147 2423 11314 2 7787 1713 2450 8423 4062 9765 263 2427 9850 4944 1594 6252 4421 683 2094 140 5236 4086 2228 6515 4526 11325 5018 8981 10614 3948 8808 10154 2455 3372 7109 4126 9307 141 7873 13 7789 6357 4959 8357 5455 5732 5627 3144 5689 5150 8420 4314 5630 566 2590 3688 10493 11042 9069 4309 10475 593 9405 4069 9790 8274 4721 6232 4810 3717 5340 4134 395 3037 9898 5443 3634 1554 9823 5833 8101 3765 8878 1882 9824 6377 5019 5137 11356 / 
43
2933 267 9768 5737 5140 3601 6232 2173 3718 5629 4309 4321 1369 6516 3139 7989 4066 263 1157 7984 2792 4811 5832 8306 1457 4600 4058 8429 774 513 5022 3252 6048 4186 404 3040 5449 3947 3948 9925 1938 2700 2484 4709 5955 4305 1592 2927 642 635 5344 141 140 1460 1099 395 8446 10323 2808 8531 2546 4522 1586 8101 3043 10522 7982 6000 5835 6442 5457 5017 5540 9772 8246 2465 8427 1158 8952 5437 4055 6056 2292 4355 4306 9822 9769 6148 8529 4054 931 4304 3719 10800 2294 10887 4184 1313 7791 / 
44
7989 267 10356 3040 3139 4321 2173 5629 9768 5414 3595 4811 8099 10191 3601 4600 4058 8306 513 6048 2933 9670 6516 6512 4186 2792 1736 1157 4305 10091 2927 5210 8429 4309 5737 4066 395 5575 10323 642 2546 5140 4522 1586 4526 2047 5457 404 6422 2429 129 9748 5630 2292 7982 7984 5136 2294 3718 3252 3144 7650 5437 9071 5832 5344 9769 8952 4304 2817 4054 9078 8641 2939 8531 7461 5439 2179 4709 2587 5441 10302 4710 11184 8316 1938 11256 9326 1306 8808 933 10878 8103 2180 7987 4813 7985 132 1457 / 
45
3941 10324 8362 5844 5431 938 274 1590 8953 7561 9412 3383 2513 5883 424 11025 10735 3484 5129 5575 129 4238 1717 3716 2550 10024 4239 4808 5494 8644 2431 465 2044 10893 8118 3846 7461 1608 1158 9066 2619 2049 2296 635 10335 10025 10880 8840 3957 5335 9075 1105 1586 2423 3939 8791 6238 4528 2545 5758 10733 2173 9748 3516 10338 9796 3169 1737 6531 7877 9633 10739 2748 8808 6717 5819 3496 5841 5860 914 10503 5593 6947 10783 5820 1311 3456 7374 6 11233 9169 6700 1219 841 8020 9334 6982 1669 11361 / 
46
3599 147 4058 6237 4526 4312 6337 6052 8531 8099 3144 3939 5138 11168 3143 2931 4183 1586 3940 4181 3036 8806 1712 2677 8426 3145 8143 6234 2788 3373 7875 2429 3485 6427 395 7287 7877 4596 9170 5021 7099 4057 7787 9173 4549 267 5837 2289 2450 3953 148 10154 10091 141 7105 3596 4064 1839 3629 5833 10160 5014 1800 2928 10403 5440 2294 2696 8312 3595 3249 7876 5129 2679 1157 4709 10155 4310 5426 2927 5237 7988 972 6247 2183 1359 4637 9857 8244 5489 1829 8245 10323 2546 4054 3251 10349 9071 10614 / 
47
2210 7303 4215 3754 3657 5545 4454 2979 6272 10636 1489 4526 8466 10363 8465 8429 281 1299 1487 3529 3366 11326 9308 6680 5492 176 667 2706 2672 1842 133 8355 8845 4629 2084 1626 8351 959 10364 3645 3299 4421 2086 10680 4216 8570 6099 4453 39 7470 8027 7666 2085 7575 8563 10365 3398 2964 8572 1196 7194 11327 10199 8844 3755 10765 5055 802 1964 10634 2963 3525 10056 5873 4444 9552 10675 5276 9434 3050 3263 10769 8968 1136 10198 771 7055 2326 8462 10948 8350 4094 1706 3935 3393 2262 3288 10996 1380 / 
48
4935 8651 10745 5348 151 924 1485 3833 8814 4302 1604 4208 8844 3265 9408 1934 3955 7303 6272 7886 5760 8572 3755 136 9878 3628 530 8027 521 3145 1136 7463 2706 4177 1842 8350 7073 3935 3657 5545 3726 2262 10636 1875 6877 2210 8466 1944 5846 145 7188 7549 6099 8570 1489 5338 2939 3053 143 6514 2979 2781 2173 4526 2019 1080 9429 2211 1966 959 11419 8813 2167 4629 962 4327 3361 8459 3072 6804 8429 5124 4103 3754 1487 1939 3366 2042 1499 10029 3144 9308 7798 2695 2256 281 6455 6118 7999 / 
49
222 3045 9076 4209 9925 1159 4595 5276 7470 6885 5961 8461 1078 2685 6545 4180 4443 4100 8134 2688 10636 6796 8240 6610 6091 8447 1136 4316 2702 1717 2262 5450 4736 4315 922 1964 9189 7188 3269 9536 3619 2939 786 3398 5346 2173 2019 8572 6272 5492 5180 4680 10731 1967 9090 10022 10779 5349 3374 9199 3168 414 8354 948 5342 2042 1202 8853 261 2053 286 2040 2256 553 3287 7519 5838 1863 3536 3935 2189 8436 7537 9420 2210 10119 7039 4309 3067 4612 1158 5625 11172 10616 2145 1270 3528 1862 1485 / 
50
1845 1205 10181 6616 1824 3605 6417 10034 543 153 7676 396 261 5727 6905 3729 771 1299 6106 9088 9199 4177 6617 3497 3254 7799 7188 6771 2558 9281 3387 7194 2173 10153 5145 6066 4072 8563 7268 8975 4092 1607 4911 7768 5350 7871 269 3836 260 4938 8522 10884 4083 2948 3983 7779 7746 1186 270 8225 9409 2449 8131 4543 987 3828 7765 2557 4215 7246 3840 929 3854 9675 7039 3031 6884 10334 3826 478 6602 525 5130 8306 6258 7622 6447 5245 2061 6693 6692 181 5493 10731 1954 10606 9543 4593 4597 / 
51
3165 8223 6878 4825 5551 3163 10357 3166 6245 7570 5868 7717 8436 3489 1947 952 6509 6779 6623 6993 7074 8886 3939 9173 1329 948 10364 2086 1694 9708 3076 9298 4194 2337 1733 7448 5030 667 10760 5756 5266 5134 11194 9299 1184 1070 10641 4096 3646 6532 5976 3626 7703 11307 6463 6267 5860 3866 5341 8677 8316 2090 6266 3490 11326 5561 11050 5177 2517 6157 2409 8244 5673 9319 3483 5870 3383 4312 2321 6566 2961 10128 1608 6907 7190 5269 3977 9254 9809 6985 3510 1626 6615 6690 5031 3043 3282 8823 8845 / 
52
3162 3147 1158 7188 3047 4298 2177 9070 1837 5837 399 7651 8988 11170 6253 2291 5864 4589 5760 5446 1061 9278 8647 5434 6608 10737 2181 6362 1462 10735 1173 7991 3254 3142 3362 2462 2436 6048 7681 2542 2518 3366 3605 10143 6797 3365 11293 2053 8202 10881 10161 6628 10153 811 10873 7661 7477 5452 5838 2782 3642 7787 131 4437 6871 3377 2939 5654 10163 9280 5458 5020 11199 3185 8802 7802 11030 10487 7819 1465 2947 10618 268 6968 5178 6674 1712 1195 4100 5450 1306 10483 1824 1825 5655 803 1867 4413 402 / 
53
7666 5884 7461 730 9349 6680 7822 6679 954 6713 2222 9198 9876 3412 7359 7575 1629 615 7303 1118 4422 7779 768 7669 6435 7194 560 3512 2336 10763 5644 2977 6271 964 3256 8563 5492 10238 8465 7261 5065 6097 6139 10033 4449 8026 10198 2051 3657 6636 10029 5545 7670 10476 5055 10371 3751 8569 2210 2326 955 10263 9713 1196 1776 3231 10194 4567 4950 9208 7181 1867 9241 2909 6457 8028 7498 6280 2462 497 9811 582 9967 6322 5364 11272 8561 7746 5171 1489 2333 11053 7663 2979 4364 4426 6884 7259 2815 / 
54
1455 8652 8951 776 1833 10479 4099 7885 3475 11 5829 10032 7188 10031 8706 5550 3285 3067 3145 10616 1939 37 2556 2801 2800 2289 6774 151 2222 6686 4820 6086 1458 10445 3055 615 5168 6147 10024 8349 5761 10760 9540 3044 2051 1880 4353 2207 5760 2764 9754 519 2283 2446 500 6248 7997 1136 1167 7790 4542 6145 2438 4718 8920 5436 3409 10906 5457 4411 1245 7160 650 2262 11299 10339 10 1588 3486 1604 2685 6780 1837 9278 10675 842 768 11297 4295 4195 2178 145 7895 7797 10712 423 2048 922 8676 / 
55
949 3516 9562 3036 10631 9598 7570 1720 6226 2076 9550 1069 407 2447 2085 6157 10146 30 10366 2698 3039 9301 4326 8581 2451 6800 6269 627 7826 3244 4089 2337 4544 1192 6542 11050 2178 2673 10767 9420 5571 5771 4445 11171 3407 8556 5242 3653 11204 9557 1956 11317 6806 6780 6687 3603 2962 158 78 3073 3204 8567 8260 8896 7299 1191 1447 10187 161 4707 10868 5264 11206 10899 6103 9426 7486 5178 4524 3610 9556 6829 5463 1488 1714 5126 8099 288 4914 5164 8830 2047 8009 8236 11027 9661 1963 10264 5762 / 
56
10209 1204 3366 8686 8978 442 1091 678 9091 8466 4526 5760 1497 808 3416 11060 440 9319 540 7188 8847 6092 9094 10776 803 11061 5369 10067 10206 3101 8684 1639 3365 1205 7261 1200 10514 10202 10063 2829 2782 3651 7666 131 2712 7575 3592 7303 9314 1493 2214 8976 9318 2818 8973 1202 1873 6674 6271 9312 2542 1825 48 1344 46 500 3942 1087 11059 1636 1136 9662 1301 11205 3613 2651 47 4301 3080 4706 10763 10638 8436 9569 2262 9578 9316 10373 132 2672 9093 10636 11172 3657 7822 6636 5545 10210 968 / 
57
7697 5826 4614 7762 7157 4074 6782 8002 1167 3849 8820 9796 5973 9692 9851 7695 1313 7543 10336 1049 7173 9794 782 4199 3177 9537 10045 11032 9788 5956 2308 2811 1948 6970 5247 2307 4204 6448 4183 4332 3851 3619 1164 4082 5852 9793 11183 3620 1384 11187 10888 3617 147 9795 9175 3388 4631 9284 7570 6531 1325 8120 10173 7170 8246 7280 9555 4077 8663 6529 9869 11036 8956 3568 10190 7891 1471 6787 7078 653 3170 9611 5269 3734 9543 3747 6158 7083 8665 5559 7341 1072 1739 1333 7245 7463 6358 5977 2318 / 
58
7067 6866 1867 5737 5536 6858 921 8198 4300 10149 7666 4346 7985 4925 3710 8675 2975 4188 9850 292 924 4056 812 7790 1297 6633 1051 9941 6257 7762 7787 8202 9925 4516 6332 8211 5366 8075 2981 5550 1099 3984 7729 4186 2956 2921 650 9235 8951 1833 5021 10483 4318 26 4413 2440 9752 7578 3613 6670 5838 7360 5660 3361 9617 7492 6755 1041 10767 11193 1196 4134 5993 2 5732 8640 3388 9073 3183 1848 7775 3258 4820 8206 8016 6523 11163 9301 7343 700 9877 8219 1162 8200 6951 3612 9571 3159 1841 / 
59
267 4321 4811 4526 2173 9670 5629 7989 5441 9768 10873 3718 3601 4600 10323 4058 11397 8306 513 6048 2180 2933 3773 7985 4710 4186 3139 4055 7984 2292 2792 8466 1157 4305 10091 2927 639 8429 4306 261 4709 4309 2294 933 5737 8952 4066 9016 4705 395 642 2546 5140 4069 4522 6516 1586 3675 1993 5457 404 9925 10461 7031 1745 5369 5864 4054 6684 1392 7982 9772 11235 10887 2687 7942 7987 1800 3252 10402 5433 3144 635 5332 5437 10821 4627 9071 5832 3595 5344 6233 4422 9769 10301 1397 1662 4304 5130 / 
60
5346 10503 3489 8560 3162 3147 3744 3959 645 2321 6106 2943 2433 3050 1737 8562 10182 10352 661 7263 7918 3490 1077 2422 9705 31 2182 2681 9508 7470 3857 2434 3048 3282 789 3957 9121 4070 7980 3306 30 9704 1599 4084 4085 3070 5882 7494 3278 7827 10320 10345 507 2962 6454 7659 5730 1297 6806 5569 4727 8556 4444 7905 772 6711 660 7448 10355 10502 6708 8017 6088 10479 2446 413 3283 792 10631 2549 10477 11173 952 3603 176 1963 6884 3743 6526 3478 3502 1720 10610 169 5868 402 5242 4956 5189 / 
61
123 7063 3658 8285 7065 6939 5534 8293 5876 2157 5978 9054 2155 11011 8417 10870 4857 9597 10142 6845 589 7891 5207 9918 10664 1930 1218 9519 2280 9655 6477 2742 6832 9758 9210 5927 10405 10663 9839 6398 7729 554 8938 11340 4055 6180 125 5923 10947 6586 3467 7224 7153 10068 3659 556 8691 2741 821 11209 8294 3444 7512 1212 5072 4358 299 7426 4009 8792 1701 10598 5891 4968 10733 4369 7920 8755 10668 10384 3322 1289 5004 6641 9308 6502 10906 4367 126 4586 8473 9309 9069 7351 6598 3704 10794 250 7221 / 
62
5884 4711 3750 678 3956 9775 3035 8962 9298 6508 1982 7159 11322 10386 7303 440 8572 8224 8806 4908 4058 11061 2697 3610 8852 9622 1842 8350 3935 3657 5545 10357 4001 3453 2453 1875 2210 1131 1490 3745 1485 3073 6859 10050 8746 7549 1619 6775 1489 5547 4526 1966 6638 4327 10186 10048 2231 6804 8429 791 6048 3366 5883 7035 3144 9308 7798 8844 6455 8027 2936 6770 8790 960 10355 8355 2706 8341 3527 5 11031 7267 6994 3860 7073 2953 3529 2285 8351 3281 5886 5688 4822 1706 6609 3406 2685 10363 10353 / 
63
9951 10039 10755 9419 9698 10339 4079 9550 5250 10175 1612 10486 5856 7900 10756 2312 5980 5860 8550 5981 7375 7086 5358 6350 4080 8331 9180 8002 5249 5157 9087 6888 9121 5753 3395 7898 8448 9718 1475 5979 9552 2311 7376 5561 1319 5045 10949 6556 6088 4438 6530 5984 3396 5501 7572 6974 8122 7571 8827 5663 9793 1781 9288 8957 5562 7083 7693 6795 9183 1856 4612 11038 9883 9606 3397 8662 8551 8346 11312 20 1852 525 937 11311 9949 1947 1522 5087 7179 3851 9421 11091 4078 8238 6622 9418 7694 2458 5563 / 
64
9732 9896 8876 6836 6295 2104 1773 2368 1232 982 9758 9218 8589 1369 4019 629 10925 9000 4698 2607 4175 6120 10242 4014 11016 6376 568 7003 3904 8999 1372 2103 10397 4748 7002 8877 5582 9849 9111 6855 67 4566 11134 201 460 2244 3894 2108 4249 1761 9898 7934 8716 10400 7216 5696 6469 2993 4662 7747 3999 9453 1231 7137 1234 3998 4288 6453 1530 983 10525 8600 1778 1516 7826 1892 1514 2733 3432 4663 6917 3790 2243 4484 9828 3433 2732 5894 5775 7606 7000 2734 10648 10071 2724 2351 7023 1529 1370 / 
65
5722 2960 10702 10609 3364 2268 4244 6148 6783 3388 4076 3062 4074 2224 9098 6757 21 10627 10170 7562 10169 10624 5470 10629 1196 7691 3066 2318 1739 4047 7463 10766 5479 2194 1976 5972 6764 3613 1882 426 3424 11157 10173 1861 7695 10315 5248 9944 1756 709 819 4633 3612 6465 9692 9093 1079 11187 10024 8800 420 9224 6322 275 7560 2183 8324 10511 5247 10059 6068 5422 7167 7280 7810 8575 10126 7117 2040 9426 9835 7365 10743 7304 5473 1164 6528 3716 7278 4526 2432 10888 4440 11027 8083 8669 7173 778 5664 / 
66
10438 1511 9453 7065 8873 561 9439 1328 6640 3332 2093 4456 2225 6580 701 721 8590 480 10797 3893 7323 1439 10860 4367 6109 10784 5913 4592 1508 564 1215 9728 9131 3416 1668 246 7162 9227 8851 1510 1503 984 9479 8749 3776 11366 11308 2107 3427 9094 7136 2632 836 1660 7509 2222 8598 10209 7218 1380 7006 4008 780 1639 3777 849 6484 1519 177 5298 9321 2892 1535 11083 4851 10221 1214 6626 11134 10605 6735 1771 3872 8904 2717 8906 308 4553 2214 1361 5685 7772 5303 9318 848 8152 808 1507 306 / 
67
2731 6840 2393 5293 4566 5277 7259 5961 1233 4465 10624 1266 11338 10392 6930 10497 3950 8382 8602 8874 6642 8666 6936 5902 4696 10533 4978 1774 5306 6725 1792 2845 2331 10425 10400 9109 854 4466 10088 9455 11256 5070 10381 2358 8714 6649 8724 7211 1660 7763 3663 5904 5962 9917 2359 9842 2977 5096 1886 4369 5796 10455 8972 3685 99 3571 2592 1406 9686 1379 9831 6009 5793 1617 5922 301 4380 8175 455 9597 5721 6468 850 2632 821 2987 11346 2010 8442 207 313 10947 2726 7229 6114 10237 4156 2914 6931 / 
68
1828 3065 3612 1830 2055 4301 1839 5461 5460 6440 1066 7071 3832 7257 10307 7659 10627 3509 11046 10045 7489 8672 7547 10042 6602 553 2316 936 7262 4487 10175 3032 5160 2057 5543 5751 5173 8004 3835 9682 7258 7273 3831 3564 5493 11174 5025 11314 6143 2070 1983 1963 5651 5853 10888 5980 4190 10927 3813 4529 11191 7470 7559 9650 9088 1070 10746 3050 7070 4911 7465 9934 3642 7354 9603 10477 7387 9965 5462 1325 11426 9170 8520 7107 9184 171 6513 4817 1476 11078 1466 11190 7300 10044 6240 5417 132 7230 5729 / 
69
1954 4205 9183 4612 4438 11312 5861 10043 3504 5189 9420 5769 11191 7475 5228 3502 525 3506 5460 6455 6815 5980 4175 8355 1251 6268 2978 5168 9566 10756 3398 9709 8561 1607 7302 5044 9182 8449 3271 4628 9564 6887 5988 4338 10307 7587 5043 6262 6349 2747 10514 4108 8830 1541 9272 3509 1317 6760 9290 3643 8798 6344 1846 3524 10045 1196 2331 9677 10042 19 7436 2316 8664 3273 7586 6440 7703 7704 8669 4487 10175 5661 7086 9180 10044 8134 7779 5033 10905 10484 5857 10629 9142 8913 3065 9799 4180 6092 480 / 
70
626 1958 5377 155 7181 441 11352 9564 8894 1744 1791 1759 7467 4726 11076 3623 7810 5300 6262 8655 6890 11012 6760 8131 3064 2331 2113 3239 11312 11205 5033 5189 6085 6092 10181 4937 9953 2794 8856 8680 2694 9512 1954 6882 7182 8835 3523 3513 3518 1607 1616 9880 3043 3730 5257 9183 11191 6717 10043 4217 3988 9426 3654 8850 1880 9327 7382 10033 3283 5272 10631 10217 8229 7156 5665 3605 6435 7731 7671 6877 9705 2793 9199 5758 4285 1188 7339 9272 6366 541 3671 5470 9576 2356 3615 11427 1372 10897 7475 / 
71
4886 1459 2438 7102 7296 385 3291 1192 8462 4740 1489 28 7388 7662 5737 39 5176 7266 9308 5511 2822 7669 2706 3173 3293 2953 3868 8351 9686 6992 2333 8684 4843 8251 10056 8968 284 4414 7910 8246 5181 2980 553 7775 1089 3751 3525 7519 10326 3710 8802 536 7816 5370 3295 11222 8345 11320 6866 3190 11065 3045 7624 11327 1977 9075 5491 4595 3292 5988 10497 5573 1972 9161 527 5869 10193 5230 3381 6104 6895 8206 2189 10615 2801 5821 4209 8468 7546 5163 9706 6353 2569 5149 8014 8352 5051 2201 3168 / 
72
4937 8856 8835 6092 2213 541 10065 9564 9174 4108 958 543 1607 10063 3518 9197 6435 7666 7575 10884 7303 529 7194 9576 2331 2343 11312 3043 6884 5043 5033 1871 7198 3657 7822 6636 5545 10043 2210 3988 5884 8977 1867 8680 7461 9425 820 9092 6262 1489 676 7892 2979 5672 3246 8961 9691 9708 4526 10512 5470 6760 10209 6680 8353 7553 2793 7326 4533 6509 5916 7169 6717 10202 1204 1086 5666 1744 4217 6679 2086 8429 8850 7418 8681 34 3366 9876 10631 5171 3412 7191 39 7156 7359 9308 3605 10640 1954 / 
73
8558 6262 5869 3071 9432 6404 4444 3862 7580 7303 11320 8572 8129 8019 4209 1842 8350 3935 3657 6355 5545 534 8412 10829 11291 1875 2210 7185 1485 7549 3978 2551 4598 635 1489 8964 9295 9430 4526 11100 76 1596 1966 1862 9202 9309 4327 4897 10169 2293 8001 6804 8429 3483 3366 1615 1481 8017 7102 2151 6809 3144 9308 7798 8844 6455 8027 2936 11143 6770 10816 9695 960 8130 8355 2706 1960 7267 6994 3860 7073 2953 3529 10936 2285 6223 8351 5886 7633 1706 6609 3406 10363 4061 8466 1944 6769 6899 4454 / 
74
10209 1204 8978 4108 10763 3416 440 4449 540 442 8847 8686 1091 9094 803 11061 10067 10206 8684 1639 1205 10514 10202 678 10063 2829 3651 7666 7812 9091 2712 7575 7303 9314 1497 10776 1493 4629 2214 8976 9318 808 11060 1200 2793 3411 9312 48 9319 1344 46 3942 1087 1636 11205 2651 7299 957 10638 9569 9578 10373 9093 3657 7822 6636 5545 10210 968 2812 9967 2215 10371 2213 3030 10639 2210 6798 7819 10370 5884 1867 7461 287 11330 1088 2586 44 1489 10207 1343 2979 2434 11206 11203 9807 8685 4526 9315 / 
75
7804 11187 9083 7269 1321 9542 4342 275 1739 782 10766 10190 4631 5470 11034 1861 1469 8227 9789 1486 1322 3392 2619 7171 6670 5247 5961 10624 9303 417 10743 5473 1164 3066 3183 2194 4440 10664 8669 3619 7998 9851 7699 8326 3062 8451 11047 11059 6882 1167 5032 7697 5043 9868 952 4721 7262 10626 7279 3255 9944 5357 7543 4610 7568 8660 5181 9793 11183 8830 10405 11306 9692 7283 2318 5147 9301 8661 7700 7565 2330 2329 8120 8446 1064 934 5562 8821 6759 3734 3148 10404 3509 6159 6529 8350 9700 10163 4840 / 
76
8572 3066 3935 10663 1485 7549 8350 430 3144 7798 6455 1486 2278 1539 6994 5644 10319 1191 5646 6609 7303 6804 3908 9789 7675 3860 7580 1825 3975 9308 9844 3406 3145 3053 1964 9434 7797 2782 2706 1538 8844 10539 725 2816 3186 3509 1184 2953 6770 5645 7631 1842 3854 2839 3657 5545 9877 667 6342 1875 2210 7073 234 2821 2322 11322 5259 1617 10767 45 6777 467 10168 10054 7361 8188 1489 7682 10053 1976 7674 5346 8834 6253 6875 5107 4526 3861 3756 6768 10403 1966 6767 9867 4825 4327 9193 1552 8429 / 
77
553 3318 10648 10071 2724 4625 2256 450 451 3210 3897 9979 8596 6190 7602 5294 5760 8560 4758 10109 8267 6831 6187 8017 9448 8562 5379 7188 8466 2164 3074 4561 7837 8594 5667 6568 9964 4759 3366 6731 3090 3365 7130 9959 6569 9724 11072 6924 2782 8052 8451 1067 131 4473 4116 5507 3592 10178 5292 7903 8156 1449 4593 5320 5573 680 6994 1245 4365 6674 5311 1869 2542 5295 1825 500 4521 5687 5412 3980 1136 7603 9662 1366 1385 1301 7207 4301 6189 208 5728 2096 3496 3996 8436 6475 2262 8842 5281 / 
78
4079 10039 9550 5250 5981 5856 7900 7693 2458 5984 9421 10174 1475 11038 11312 9180 10755 8448 2312 9183 6088 9552 9087 666 9419 5358 7572 5982 9418 9698 3272 5873 7086 3397 5980 10756 1852 7898 1319 10486 10339 8346 9793 5045 8670 6974 5563 9951 2315 5860 7179 10489 3398 6350 5979 3970 1856 7375 4078 6795 8238 10175 10757 6536 11311 159 8563 1612 937 9949 10485 6888 9436 9423 7571 5663 7573 4833 6622 8331 939 5976 654 11313 1474 2314 1955 1947 4725 9289 4332 5157 5561 5753 4438 2811 3503 3631 8672 / 
79
11424 8764 382 10247 7539 8190 6760 4705 3121 8184 11352 8641 10579 6758 10229 1819 9941 10132 10136 65 8988 6415 9141 7956 256 3383 8297 1493 1154 5117 3931 10594 10297 3967 1516 11402 7776 7255 7649 1856 10925 6923 3968 7035 2758 2701 4999 1447 11237 5720 4579 9684 2532 6380 5950 10865 1655 10019 5742 2879 1375 4403 10784 7604 4411 4675 6979 4639 4247 5528 8619 4923 2715 1174 5594 5525 2155 3338 6685 8754 4645 10312 8183 7115 3248 6051 8843 11072 4585 3974 10084 7863 8798 2797 8408 3986 7342 2908 995 / 
80
7665 2945 5375 3252 2189 74 4114 10733 2680 2676 2694 1272 1763 5449 1302 5369 635 9531 5340 9009 8852 9224 11049 1342 3493 1658 4647 7895 5362 3327 2343 10639 11176 10218 1156 2250 10225 9717 1482 9232 9474 6183 11294 11189 280 644 505 6606 2391 2424 8682 10938 9186 6914 2588 5724 8307 779 2854 5475 10795 8715 10334 3042 10068 3997 10808 1162 2572 9200 9273 3187 568 4061 7455 7833 5029 3044 842 2176 4093 9073 10164 4099 412 6236 540 259 9166 1755 9289 9290 10023 9991 4449 3369 7249 3904 11352 / 
81
3959 5346 3489 4817 2943 2433 4188 9936 645 4848 7263 6699 3490 3475 3621 2804 6064 2182 11297 421 2948 6063 2807 6106 2434 7166 7918 6243 9862 3413 4601 3048 5685 8112 2806 5848 9154 7710 925 6073 4070 5642 1751 1599 149 5347 7654 6536 7827 3654 5766 6522 6686 7685 3725 2301 10488 8000 9511 3863 647 11173 8111 7168 3518 3603 1185 5143 5577 9151 7210 1720 7713 9955 402 10876 1462 7193 3874 7476 6339 8015 2941 9543 926 8438 3314 10388 922 4834 5770 11175 7832 6006 5259 2431 4424 5681 11030 / 
82
4413 6416 7787 7539 1641 8848 5230 4346 1076 10632 3710 10905 11234 9850 5412 2322 4224 5773 7340 5849 7998 1328 10801 6070 3614 7753 5457 5048 2445 4199 10149 4534 3066 10896 6332 2800 8564 9993 5445 9877 7503 1489 11042 10475 7256 7380 9071 9948 2327 8245 3991 3602 3707 10315 9294 7157 4837 5259 1484 1867 6087 5032 8298 5826 9284 8011 222 4827 8044 9078 1479 8675 6048 6014 4553 5132 2480 1079 4817 10618 9467 8435 3489 4610 9702 3161 6071 2288 8016 7323 6600 3942 6528 8501 9435 7715 464 4737 10730 / 
83
6636 4629 7303 6683 8844 1485 8570 9807 4624 7910 8466 7194 1085 2672 10033 6099 8819 1195 810 10192 8851 10625 10209 2087 1086 9961 6092 9191 771 10213 1627 5272 8681 1487 6680 3877 4090 10204 1639 2979 8978 10763 4421 959 4215 6081 2706 1629 6552 9569 6995 3873 177 8840 6097 2215 11307 5550 1625 950 2807 3530 2213 3299 6268 3639 1977 7671 5674 1491 1746 6457 6716 10343 3982 2171 9878 48 2331 7666 2963 3754 3641 794 9877 37 7575 8328 1974 10370 9571 4102 5189 6366 10756 5960 3194 1744 8684 / 
84
4412 6138 7647 6866 7762 7541 1867 6947 3942 7764 5737 7542 7777 4186 6670 1735 6332 7067 8211 5536 7666 7539 7985 7775 3710 6462 1732 9537 129 6948 5736 2334 7342 9850 6760 6858 7180 4300 4056 7649 502 4414 8198 6051 8639 7156 7558 8959 1051 8021 10149 7787 8202 4516 8641 9161 9788 2981 6758 8675 4355 4705 4446 4704 2921 7358 7664 5825 4610 4413 4302 8646 9752 8297 8093 7360 1041 11193 9762 4134 5993 5732 3472 2518 3258 9301 2337 6600 7343 9877 5633 511 4183 2332 2047 11102 4346 7776 6601 / 
85
5132 9071 3718 3773 3043 10386 11234 5832 5614 9647 9205 5332 5369 1993 933 1323 9016 7753 3845 5917 10873 3675 10535 6611 5448 2800 5737 3448 3050 9993 5140 7241 131 2687 6516 8627 488 10402 5820 2303 9405 11108 603 11372 2285 9749 9294 2695 3717 10288 1397 3046 1308 10877 8298 133 222 4827 9078 10946 7539 1938 6035 2774 8370 3668 4817 10618 3489 1456 10275 3572 3838 9239 11274 4184 9528 1392 8775 5955 1727 5085 3942 263 8501 10750 9435 10962 6130 4737 3575 3139 1635 1716 1165 9511 143 7983 9768 / 
86
6683 1485 8844 3530 3982 4451 7671 11052 4353 5132 2706 1165 522 4951 7194 8328 8025 2171 3628 9868 9878 4617 7910 4092 799 10767 2822 3755 5657 10365 9962 9307 6714 10033 4624 7394 6099 9565 9921 278 1750 1093 3159 2084 10194 10625 9709 7818 4102 3072 5737 3295 6081 5751 2 8833 3522 5140 1099 6636 8463 5564 2464 3641 3296 564 3146 6173 5165 9877 8029 8711 5820 2337 3287 9405 3040 1180 9512 5855 650 6443 4183 3717 434 10901 3639 6067 3239 10877 6513 3718 9809 6096 2465 11352 8964 4060 6670 / 
87
3665 2356 3314 834 10744 1412 6400 5234 1173 9332 11010 4969 861 4101 2836 10021 4970 11298 2340 1160 10642 1434 8071 3027 510 11094 267 6942 9887 1306 5241 2565 3426 11361 3591 1764 11342 2373 2822 6600 6931 7466 4935 10413 7927 5732 2440 5724 835 8420 3055 2481 5783 5140 6960 5720 3795 10734 2477 3869 10329 4069 754 560 5284 10293 5947 11297 5132 191 2424 3669 11194 3673 4826 4033 11413 5344 7531 10173 1076 10628 10245 7031 11105 5869 5663 6891 5914 4232 1292 6847 5222 8336 2739 1350 3139 9063 4314 / 
88
4737 3548 3139 3994 6482 8683 9463 1232 7006 3947 10806 7653 9823 3138 8565 8038 1380 8857 2837 10792 7826 8873 9219 2828 7065 2093 11214 7512 9791 8127 3668 6640 3332 9458 10411 848 7326 10921 4248 8579 5380 7831 8031 4567 7404 5775 10438 2848 1372 10681 3993 10068 1210 8696 10801 308 8148 5360 8711 11139 10399 3115 3082 9054 4161 9812 1756 11084 5171 1266 3777 2104 8494 2838 2358 8491 704 1379 8714 7317 4973 7230 10526 4237 2359 10244 8590 367 480 1231 10860 7772 1107 1889 200 7216 5183 8149 561 / 
89
10185 9078 10051 1074 944 794 10902 10892 9320 10155 10176 10215 1090 3937 11336 8029 10496 10047 10344 10901 10516 10889 9299 10493 10737 2694 11206 10495 2713 10376 10318 9440 9300 11194 9663 11178 11291 10479 810 10350 10214 10760 1496 10778 1161 10776 8338 3957 8686 7558 6915 1725 540 10353 10212 10763 10372 10343 11022 6595 10351 1984 1205 10184 312 6755 2287 10772 11332 10338 8430 4542 8741 5055 10326 2551 4314 6089 5134 10613 6874 4937 1089 10469 9079 2961 6691 8678 8952 4813 8215 266 11102 8979 3876 4188 4555 9101 8093 / 
90
11341 7011 6581 180 2800 1348 9309 6190 9188 4498 3911 5284 9531 1454 8230 3310 1534 267 4415 2823 3071 2718 2256 1059 2248 5629 4969 8388 9894 1381 2680 4557 4062 6109 6153 2558 11294 2008 5131 4935 1719 3877 4556 3719 5732 2038 2440 9197 8366 1366 8420 3055 5140 1785 10090 8862 4520 762 704 3983 4069 1062 2795 6246 1829 9233 4014 9001 3680 2813 5132 2418 4253 2685 6726 1881 1114 2385 3306 7836 191 2700 7184 9849 5344 6208 9407 5420 3616 5869 6891 5914 8338 7928 4458 10973 9080 9460 4045 / 
91
9224 2854 6840 9717 5375 7833 10614 9001 9991 2679 1251 8230 6581 3997 3665 1124 3431 9826 1763 4639 4114 9484 1818 5281 2676 9316 4647 2256 828 7482 6182 2735 10084 5066 3680 1658 9099 892 3327 9277 4648 2608 8043 7603 1366 1515 1534 9474 6179 6183 7594 8052 10306 8810 6142 11341 4014 10660 5514 4759 7736 4253 8878 7011 1881 3306 4053 3973 10795 9849 1844 7655 4673 9861 7026 7928 4458 10973 9460 294 10068 10023 3318 6002 10711 328 2722 3187 9616 568 8181 9278 1307 2609 10989 10517 6017 842 280 / 
92
1215 2632 8873 6640 4978 313 3571 7065 564 2093 2845 8874 2225 10438 10668 1379 8714 1266 6484 2850 3332 480 5913 1212 10088 608 2833 84 8590 10869 9321 848 10234 2281 6026 10906 10237 10947 5086 8112 10948 7229 1380 4566 3893 5277 308 1125 10109 2838 9131 9825 11107 10860 1507 4367 9479 5961 8749 10624 6586 1218 6580 7116 6391 3026 3427 7120 10797 3106 5183 4237 7307 306 4851 10784 10678 3321 2837 554 305 2257 8904 688 5798 8381 3950 721 9728 2892 4652 849 1503 3685 8699 5923 2894 11109 3776 / 
93
2964 3150 7802 5645 1976 3256 151 163 1855 5160 2449 7675 9108 6609 5259 5272 1481 533 1742 10514 2301 1968 10194 8460 8651 2696 4442 3414 789 10358 2171 786 3300 3517 11 261 4195 11022 10810 5045 2285 8129 162 3076 3072 5020 2070 8019 5672 4733 5369 5768 532 1572 8833 5221 9089 1717 2692 682 6544 7580 9566 6798 7661 9707 4177 2545 3983 1484 3381 5568 5049 659 158 11338 1327 4626 3938 9529 8049 435 3157 3605 640 10731 7823 3176 443 8128 3833 11044 3591 8238 5769 1332 4220 2205 426 / 
